import os

# 算例生成方法 ————
# np.random.choice(3, 10)+1 

# ################# p = 0.1 #########################################################

# numU= 20 # p=0.1 # q #

os.system("python ./execute_Probability.py --numU=20 "
          "--p1=0.1  --p1=0.45 --p1=0.45 "
          "--p2=0.45 --p2=0.1  --p2=0.45 "
          "--p3=0.45 --p3=0.45 --p3=0.1 "
          "--q1=0.0805 --q1=0.6686 --q1=0.2509 "
          "--q2=0.1332 --q2=0.4620 --q2=0.4048 "
          "--q3=0.0310 --q3=0.9559 --q3=0.0131 "
          "--typeT=1 --typeT=3 --typeT=1 --typeT=1 --typeT=3 --typeT=2 --typeT=1 --typeT=2 --typeT=2 --typeT=1 ")

os.system("python ./execute_Probability.py --numU=20 "
          "--p1=0.1  --p1=0.45 --p1=0.45 "
          "--p2=0.45 --p2=0.1  --p2=0.45 "
          "--p3=0.45 --p3=0.45 --p3=0.1 "
          "--q1=0.0805 --q1=0.6686 --q1=0.2509 "
          "--q2=0.1332 --q2=0.4620 --q2=0.4048 "
          "--q3=0.0310 --q3=0.9559 --q3=0.0131 "
          "--typeT=1 --typeT=1 --typeT=2 --typeT=2 --typeT=2 --typeT=3 --typeT=1 --typeT=1 --typeT=1 --typeT=3 ")

os.system("python ./execute_Probability.py --numU=20 "
          "--p1=0.1  --p1=0.45 --p1=0.45 "
          "--p2=0.45 --p2=0.1  --p2=0.45 "
          "--p3=0.45 --p3=0.45 --p3=0.1 "
          "--q1=0.0805 --q1=0.6686 --q1=0.2509 "
          "--q2=0.1332 --q2=0.4620 --q2=0.4048 "
          "--q3=0.0310 --q3=0.9559 --q3=0.0131 "
          "--typeT=2 --typeT=2 --typeT=3 --typeT=3 --typeT=2 --typeT=2 --typeT=2 --typeT=1 --typeT=2 --typeT=2 ")

os.system("python ./execute_Probability.py --numU=20 "
          "--p1=0.1  --p1=0.45 --p1=0.45 "
          "--p2=0.45 --p2=0.1  --p2=0.45 "
          "--p3=0.45 --p3=0.45 --p3=0.1 "
          "--q1=0.0805 --q1=0.6686 --q1=0.2509 "
          "--q2=0.1332 --q2=0.4620 --q2=0.4048 "
          "--q3=0.0310 --q3=0.9559 --q3=0.0131 "
          "--typeT=1 --typeT=1 --typeT=1 --typeT=3 --typeT=2 --typeT=3 --typeT=1 --typeT=2 --typeT=1 --typeT=3 ")

# numU= 25 # p=0.1 # q #

os.system("python ./execute_Probability.py --numU=25 "
          "--p1=0.1  --p1=0.45 --p1=0.45 "
          "--p2=0.45 --p2=0.1  --p2=0.45 "
          "--p3=0.45 --p3=0.45 --p3=0.1 "
          "--q1=0.0018 --q1=0.9490 --q1=0.0492 "
          "--q2=0.3776 --q2=0.0382 --q2=0.5842 "
          "--q3=0.0128 --q3=0.9707 --q3=0.0165 "
          "--typeT=1 --typeT=3 --typeT=1 --typeT=1 --typeT=3 --typeT=2 --typeT=1 --typeT=2 --typeT=2 --typeT=1 ")

os.system("python ./execute_Probability.py --numU=25 "
          "--p1=0.1  --p1=0.45 --p1=0.45 "
          "--p2=0.45 --p2=0.1  --p2=0.45 "
          "--p3=0.45 --p3=0.45 --p3=0.1 "
          "--q1=0.0018 --q1=0.9490 --q1=0.0492 "
          "--q2=0.3776 --q2=0.0382 --q2=0.5842 "
          "--q3=0.0128 --q3=0.9707 --q3=0.0165 "
          "--typeT=1 --typeT=1 --typeT=2 --typeT=2 --typeT=2 --typeT=3 --typeT=1 --typeT=1 --typeT=1 --typeT=3 ")

os.system("python ./execute_Probability.py --numU=25 "
          "--p1=0.1  --p1=0.45 --p1=0.45 "
          "--p2=0.45 --p2=0.1  --p2=0.45 "
          "--p3=0.45 --p3=0.45 --p3=0.1 "
          "--q1=0.0018 --q1=0.9490 --q1=0.0492 "
          "--q2=0.3776 --q2=0.0382 --q2=0.5842 "
          "--q3=0.0128 --q3=0.9707 --q3=0.0165 "
          "--typeT=2 --typeT=2 --typeT=3 --typeT=3 --typeT=2 --typeT=2 --typeT=2 --typeT=1 --typeT=2 --typeT=2 ")

os.system("python ./execute_Probability.py --numU=25 "
          "--p1=0.1  --p1=0.45 --p1=0.45 "
          "--p2=0.45 --p2=0.1  --p2=0.45 "
          "--p3=0.45 --p3=0.45 --p3=0.1 "
          "--q1=0.0018 --q1=0.9490 --q1=0.0492 "
          "--q2=0.3776 --q2=0.0382 --q2=0.5842 "
          "--q3=0.0128 --q3=0.9707 --q3=0.0165 "
          "--typeT=1 --typeT=1 --typeT=1 --typeT=3 --typeT=2 --typeT=3 --typeT=1 --typeT=2 --typeT=1 --typeT=3 ")

# numU= 30 # p=0.1 # q #

os.system("python ./execute_Probability.py --numU=30 "
          "--p1=0.1  --p1=0.45 --p1=0.45 "
          "--p2=0.45 --p2=0.1  --p2=0.45 "
          "--p3=0.45 --p3=0.45 --p3=0.1 "
          "--q1=0.3306 --q1=0.1115 --q1=0.5579 "
          "--q2=0.5114 --q2=0.1444 --q2=0.3442 "
          "--q3=0.1943 --q3=0.5509 --q3=0.2548 "
          "--typeT=1 --typeT=3 --typeT=1 --typeT=1 --typeT=3 --typeT=2 --typeT=1 --typeT=2 --typeT=2 --typeT=1 ")

os.system("python ./execute_Probability.py --numU=30 "
          "--p1=0.1  --p1=0.45 --p1=0.45 "
          "--p2=0.45 --p2=0.1  --p2=0.45 "
          "--p3=0.45 --p3=0.45 --p3=0.1 "
          "--q1=0.3306 --q1=0.1115 --q1=0.5579 "
          "--q2=0.5114 --q2=0.1444 --q2=0.3442 "
          "--q3=0.1943 --q3=0.5509 --q3=0.2548 "
          "--typeT=1 --typeT=1 --typeT=2 --typeT=2 --typeT=2 --typeT=3 --typeT=1 --typeT=1 --typeT=1 --typeT=3 ")

os.system("python ./execute_Probability.py --numU=30 "
          "--p1=0.1  --p1=0.45 --p1=0.45 "
          "--p2=0.45 --p2=0.1  --p2=0.45 "
          "--p3=0.45 --p3=0.45 --p3=0.1 "
          "--q1=0.3306 --q1=0.1115 --q1=0.5579 "
          "--q2=0.5114 --q2=0.1444 --q2=0.3442 "
          "--q3=0.1943 --q3=0.5509 --q3=0.2548 "
          "--typeT=2 --typeT=2 --typeT=3 --typeT=3 --typeT=2 --typeT=2 --typeT=2 --typeT=1 --typeT=2 --typeT=2 ")

os.system("python ./execute_Probability.py --numU=30 "
          "--p1=0.1  --p1=0.45 --p1=0.45 "
          "--p2=0.45 --p2=0.1  --p2=0.45 "
          "--p3=0.45 --p3=0.45 --p3=0.1 "
          "--q1=0.3306 --q1=0.1115 --q1=0.5579 "
          "--q2=0.5114 --q2=0.1444 --q2=0.3442 "
          "--q3=0.1943 --q3=0.5509 --q3=0.2548 "
          "--typeT=1 --typeT=1 --typeT=1 --typeT=3 --typeT=2 --typeT=3 --typeT=1 --typeT=2 --typeT=1 --typeT=3 ")

# numU= 35 # p=0.1 # q #

os.system("python ./execute_Probability.py --numU=35 "
          "--p1=0.1  --p1=0.45 --p1=0.45 "
          "--p2=0.45 --p2=0.1  --p2=0.45 "
          "--p3=0.45 --p3=0.45 --p3=0.1 "
          "--q1=0.0312 --q1=0.1212 --q1=0.8476 "
          "--q2=0.1397 --q2=0.4687 --q2=0.3916 "
          "--q3=0.1630 --q3=0.5145 --q3=0.3225 "
          "--typeT=1 --typeT=3 --typeT=1 --typeT=1 --typeT=3 --typeT=2 --typeT=1 --typeT=2 --typeT=2 --typeT=1 ")

os.system("python ./execute_Probability.py --numU=35 "
          "--p1=0.1  --p1=0.45 --p1=0.45 "
          "--p2=0.45 --p2=0.1  --p2=0.45 "
          "--p3=0.45 --p3=0.45 --p3=0.1 "
          "--q1=0.0312 --q1=0.1212 --q1=0.8476 "
          "--q2=0.1397 --q2=0.4687 --q2=0.3916 "
          "--q3=0.1630 --q3=0.5145 --q3=0.3225 "
          "--typeT=1 --typeT=1 --typeT=2 --typeT=2 --typeT=2 --typeT=3 --typeT=1 --typeT=1 --typeT=1 --typeT=3 ")

os.system("python ./execute_Probability.py --numU=35 "
          "--p1=0.1  --p1=0.45 --p1=0.45 "
          "--p2=0.45 --p2=0.1  --p2=0.45 "
          "--p3=0.45 --p3=0.45 --p3=0.1 "
          "--q1=0.0312 --q1=0.1212 --q1=0.8476 "
          "--q2=0.1397 --q2=0.4687 --q2=0.3916 "
          "--q3=0.1630 --q3=0.5145 --q3=0.3225 "
          "--typeT=2 --typeT=2 --typeT=3 --typeT=3 --typeT=2 --typeT=2 --typeT=2 --typeT=1 --typeT=2 --typeT=2 ")

os.system("python ./execute_Probability.py --numU=35 "
          "--p1=0.1  --p1=0.45 --p1=0.45 "
          "--p2=0.45 --p2=0.1  --p2=0.45 "
          "--p3=0.45 --p3=0.45 --p3=0.1 "
          "--q1=0.0312 --q1=0.1212 --q1=0.8476 "
          "--q2=0.1397 --q2=0.4687 --q2=0.3916 "
          "--q3=0.1630 --q3=0.5145 --q3=0.3225 "
          "--typeT=1 --typeT=1 --typeT=1 --typeT=3 --typeT=2 --typeT=3 --typeT=1 --typeT=2 --typeT=1 --typeT=3 ")

# numU= 40 # p=0.1 # q #

os.system("python ./execute_Probability.py --numU=40 "
          "--p1=0.1  --p1=0.45 --p1=0.45 "
          "--p2=0.45 --p2=0.1  --p2=0.45 "
          "--p3=0.45 --p3=0.45 --p3=0.1 "
          "--q1=0.1507 --q1=0.2145 --q1=0.6348 "
          "--q2=0.1394 --q2=0.2512 --q2=0.6094 "
          "--q3=0.2166 --q3=0.3416 --q3=0.4418 "
          "--typeT=1 --typeT=3 --typeT=1 --typeT=1 --typeT=3 --typeT=2 --typeT=1 --typeT=2 --typeT=2 --typeT=1 ")

os.system("python ./execute_Probability.py --numU=40 "
          "--p1=0.1  --p1=0.45 --p1=0.45 "
          "--p2=0.45 --p2=0.1  --p2=0.45 "
          "--p3=0.45 --p3=0.45 --p3=0.1 "
          "--q1=0.1507 --q1=0.2145 --q1=0.6348 "
          "--q2=0.1394 --q2=0.2512 --q2=0.6094 "
          "--q3=0.2166 --q3=0.3416 --q3=0.4418 "
          "--typeT=1 --typeT=1 --typeT=2 --typeT=2 --typeT=2 --typeT=3 --typeT=1 --typeT=1 --typeT=1 --typeT=3 ")

os.system("python ./execute_Probability.py --numU=40 "
          "--p1=0.1  --p1=0.45 --p1=0.45 "
          "--p2=0.45 --p2=0.1  --p2=0.45 "
          "--p3=0.45 --p3=0.45 --p3=0.1 "
          "--q1=0.1507 --q1=0.2145 --q1=0.6348 "
          "--q2=0.1394 --q2=0.2512 --q2=0.6094 "
          "--q3=0.2166 --q3=0.3416 --q3=0.4418 "
          "--typeT=2 --typeT=2 --typeT=3 --typeT=3 --typeT=2 --typeT=2 --typeT=2 --typeT=1 --typeT=2 --typeT=2 ")

os.system("python ./execute_Probability.py --numU=40 "
          "--p1=0.1  --p1=0.45 --p1=0.45 "
          "--p2=0.45 --p2=0.1  --p2=0.45 "
          "--p3=0.45 --p3=0.45 --p3=0.1 "
          "--q1=0.1507 --q1=0.2145 --q1=0.6348 "
          "--q2=0.1394 --q2=0.2512 --q2=0.6094 "
          "--q3=0.2166 --q3=0.3416 --q3=0.4418 "
          "--typeT=1 --typeT=1 --typeT=1 --typeT=3 --typeT=2 --typeT=3 --typeT=1 --typeT=2 --typeT=1 --typeT=3 ")

# ################# p = 0.2 #########################################################

# numU= 20 # p=0.2 # q #

os.system("python ./execute_Probability.py --numU=20 "
          "--p1=0.2 --p1=0.4 --p1=0.4 "
          "--p2=0.4 --p2=0.2 --p2=0.4 "
          "--p3=0.4 --p3=0.4 --p3=0.2 "
          "--q1=0.2692 --q1=0.2935 --q1=0.4373 "
          "--q2=0.4514 --q2=0.0796 --q2=0.4690 "
          "--q3=0.0489 --q3=0.6929 --q3=0.2582 "
          "--typeT=1 --typeT=3 --typeT=1 --typeT=1 --typeT=3 --typeT=2 --typeT=1 --typeT=2 --typeT=2 --typeT=1 ")

os.system("python ./execute_Probability.py --numU=20 "
          "--p1=0.2 --p1=0.4 --p1=0.4 "
          "--p2=0.4 --p2=0.2 --p2=0.4 "
          "--p3=0.4 --p3=0.4 --p3=0.2 "
          "--q1=0.2692 --q1=0.2935 --q1=0.4373 "
          "--q2=0.4514 --q2=0.0796 --q2=0.4690 "
          "--q3=0.0489 --q3=0.6929 --q3=0.2582 "
          "--typeT=1 --typeT=1 --typeT=2 --typeT=2 --typeT=2 --typeT=3 --typeT=1 --typeT=1 --typeT=1 --typeT=3 ")

os.system("python ./execute_Probability.py --numU=20 "
          "--p1=0.2 --p1=0.4 --p1=0.4 "
          "--p2=0.4 --p2=0.2 --p2=0.4 "
          "--p3=0.4 --p3=0.4 --p3=0.2 "
          "--q1=0.2692 --q1=0.2935 --q1=0.4373 "
          "--q2=0.4514 --q2=0.0796 --q2=0.4690 "
          "--q3=0.0489 --q3=0.6929 --q3=0.2582 "
          "--typeT=2 --typeT=2 --typeT=3 --typeT=3 --typeT=2 --typeT=2 --typeT=2 --typeT=1 --typeT=2 --typeT=2 ")

os.system("python ./execute_Probability.py --numU=20 "
          "--p1=0.2 --p1=0.4 --p1=0.4 "
          "--p2=0.4 --p2=0.2 --p2=0.4 "
          "--p3=0.4 --p3=0.4 --p3=0.2 "
          "--q1=0.2692 --q1=0.2935 --q1=0.4373 "
          "--q2=0.4514 --q2=0.0796 --q2=0.4690 "
          "--q3=0.0489 --q3=0.6929 --q3=0.2582 "
          "--typeT=1 --typeT=1 --typeT=1 --typeT=3 --typeT=2 --typeT=3 --typeT=1 --typeT=2 --typeT=1 --typeT=3 ")

# numU= 25 # p=0.2 # q #

os.system("python ./execute_Probability.py --numU=25 "
          "--p1=0.2 --p1=0.4 --p1=0.4 "
          "--p2=0.4 --p2=0.2 --p2=0.4 "
          "--p3=0.4 --p3=0.4 --p3=0.2 "
          "--q1=0.2706 --q1=0.2263 --q1=0.5031 "
          "--q2=0.0148 --q2=0.6650 --q2=0.3202 "
          "--q3=0.4471 --q3=0.2867 --q3=0.2662 "
          "--typeT=1 --typeT=3 --typeT=1 --typeT=1 --typeT=3 --typeT=2 --typeT=1 --typeT=2 --typeT=2 --typeT=1 ")

os.system("python ./execute_Probability.py --numU=25 "
          "--p1=0.2 --p1=0.4 --p1=0.4 "
          "--p2=0.4 --p2=0.2 --p2=0.4 "
          "--p3=0.4 --p3=0.4 --p3=0.2 "
          "--q1=0.2706 --q1=0.2263 --q1=0.5031 "
          "--q2=0.0148 --q2=0.6650 --q2=0.3202 "
          "--q3=0.4471 --q3=0.2867 --q3=0.2662 "
          "--typeT=1 --typeT=1 --typeT=2 --typeT=2 --typeT=2 --typeT=3 --typeT=1 --typeT=1 --typeT=1 --typeT=3 ")

os.system("python ./execute_Probability.py --numU=25 "
          "--p1=0.2 --p1=0.4 --p1=0.4 "
          "--p2=0.4 --p2=0.2 --p2=0.4 "
          "--p3=0.4 --p3=0.4 --p3=0.2 "
          "--q1=0.2706 --q1=0.2263 --q1=0.5031 "
          "--q2=0.0148 --q2=0.6650 --q2=0.3202 "
          "--q3=0.4471 --q3=0.2867 --q3=0.2662 "
          "--typeT=2 --typeT=2 --typeT=3 --typeT=3 --typeT=2 --typeT=2 --typeT=2 --typeT=1 --typeT=2 --typeT=2 ")

os.system("python ./execute_Probability.py --numU=25 "
          "--p1=0.2 --p1=0.4 --p1=0.4 "
          "--p2=0.4 --p2=0.2 --p2=0.4 "
          "--p3=0.4 --p3=0.4 --p3=0.2 "
          "--q1=0.2706 --q1=0.2263 --q1=0.5031 "
          "--q2=0.0148 --q2=0.6650 --q2=0.3202 "
          "--q3=0.4471 --q3=0.2867 --q3=0.2662 "
          "--typeT=1 --typeT=1 --typeT=1 --typeT=3 --typeT=2 --typeT=3 --typeT=1 --typeT=2 --typeT=1 --typeT=3 ")

# numU= 30 # p=0.2 # q #

os.system("python ./execute_Probability.py --numU=30 "
          "--p1=0.2 --p1=0.4 --p1=0.4 "
          "--p2=0.4 --p2=0.2 --p2=0.4 "
          "--p3=0.4 --p3=0.4 --p3=0.2 "
          "--q1=0.5215 --q1=0.0852 --q1=0.3933 "
          "--q2=0.4442 --q2=0.2347 --q2=0.3211 "
          "--q3=0.1257 --q3=0.5706 --q3=0.3037 "
          "--typeT=1 --typeT=3 --typeT=1 --typeT=1 --typeT=3 --typeT=2 --typeT=1 --typeT=2 --typeT=2 --typeT=1 ")

os.system("python ./execute_Probability.py --numU=30 "
          "--p1=0.2 --p1=0.4 --p1=0.4 "
          "--p2=0.4 --p2=0.2 --p2=0.4 "
          "--p3=0.4 --p3=0.4 --p3=0.2 "
          "--q1=0.5215 --q1=0.0852 --q1=0.3933 "
          "--q2=0.4442 --q2=0.2347 --q2=0.3211 "
          "--q3=0.1257 --q3=0.5706 --q3=0.3037 "
          "--typeT=1 --typeT=1 --typeT=2 --typeT=2 --typeT=2 --typeT=3 --typeT=1 --typeT=1 --typeT=1 --typeT=3 ")

os.system("python ./execute_Probability.py --numU=30 "
          "--p1=0.2 --p1=0.4 --p1=0.4 "
          "--p2=0.4 --p2=0.2 --p2=0.4 "
          "--p3=0.4 --p3=0.4 --p3=0.2 "
          "--q1=0.5215 --q1=0.0852 --q1=0.3933 "
          "--q2=0.4442 --q2=0.2347 --q2=0.3211 "
          "--q3=0.1257 --q3=0.5706 --q3=0.3037 "
          "--typeT=2 --typeT=2 --typeT=3 --typeT=3 --typeT=2 --typeT=2 --typeT=2 --typeT=1 --typeT=2 --typeT=2 ")

os.system("python ./execute_Probability.py --numU=30 "
          "--p1=0.2 --p1=0.4 --p1=0.4 "
          "--p2=0.4 --p2=0.2 --p2=0.4 "
          "--p3=0.4 --p3=0.4 --p3=0.2 "
          "--q1=0.5215 --q1=0.0852 --q1=0.3933 "
          "--q2=0.4442 --q2=0.2347 --q2=0.3211 "
          "--q3=0.1257 --q3=0.5706 --q3=0.3037 "
          "--typeT=1 --typeT=1 --typeT=1 --typeT=3 --typeT=2 --typeT=3 --typeT=1 --typeT=2 --typeT=1 --typeT=3 ")

# numU= 35 # p=0.2 # q #

os.system("python ./execute_Probability.py --numU=35 "
          "--p1=0.2 --p1=0.4 --p1=0.4 "
          "--p2=0.4 --p2=0.2 --p2=0.4 "
          "--p3=0.4 --p3=0.4 --p3=0.2 "
          "--q1=0.1187 --q1=0.2471 --q1=0.6342 "
          "--q2=0.2926 --q2=0.2776 --q2=0.4298 "
          "--q3=0.0449 --q3=0.4331 --q3=0.5220 "
          "--typeT=1 --typeT=3 --typeT=1 --typeT=1 --typeT=3 --typeT=2 --typeT=1 --typeT=2 --typeT=2 --typeT=1 ")

os.system("python ./execute_Probability.py --numU=35 "
          "--p1=0.2 --p1=0.4 --p1=0.4 "
          "--p2=0.4 --p2=0.2 --p2=0.4 "
          "--p3=0.4 --p3=0.4 --p3=0.2 "
          "--q1=0.1187 --q1=0.2471 --q1=0.6342 "
          "--q2=0.2926 --q2=0.2776 --q2=0.4298 "
          "--q3=0.0449 --q3=0.4331 --q3=0.5220 "
          "--typeT=1 --typeT=1 --typeT=2 --typeT=2 --typeT=2 --typeT=3 --typeT=1 --typeT=1 --typeT=1 --typeT=3 ")

os.system("python ./execute_Probability.py --numU=35 "
          "--p1=0.2 --p1=0.4 --p1=0.4 "
          "--p2=0.4 --p2=0.2 --p2=0.4 "
          "--p3=0.4 --p3=0.4 --p3=0.2 "
          "--q1=0.1187 --q1=0.2471 --q1=0.6342 "
          "--q2=0.2926 --q2=0.2776 --q2=0.4298 "
          "--q3=0.0449 --q3=0.4331 --q3=0.5220 "
          "--typeT=2 --typeT=2 --typeT=3 --typeT=3 --typeT=2 --typeT=2 --typeT=2 --typeT=1 --typeT=2 --typeT=2 ")

os.system("python ./execute_Probability.py --numU=35 "
          "--p1=0.2 --p1=0.4 --p1=0.4 "
          "--p2=0.4 --p2=0.2 --p2=0.4 "
          "--p3=0.4 --p3=0.4 --p3=0.2 "
          "--q1=0.1187 --q1=0.2471 --q1=0.6342 "
          "--q2=0.2926 --q2=0.2776 --q2=0.4298 "
          "--q3=0.0449 --q3=0.4331 --q3=0.5220 "
          "--typeT=1 --typeT=1 --typeT=1 --typeT=3 --typeT=2 --typeT=3 --typeT=1 --typeT=2 --typeT=1 --typeT=3 ")

# numU= 40 # p=0.2 # q #

os.system("python ./execute_Probability.py --numU=40 "
          "--p1=0.2 --p1=0.4 --p1=0.4 "
          "--p2=0.4 --p2=0.2 --p2=0.4 "
          "--p3=0.4 --p3=0.4 --p3=0.2 "
          "--q1=0.0063 --q1=0.2180 --q1=0.7757 "
          "--q2=0.0634 --q2=0.3232 --q2=0.6134 "
          "--q3=0.1009 --q3=0.3566 --q3=0.5425 "
          "--typeT=1 --typeT=3 --typeT=1 --typeT=1 --typeT=3 --typeT=2 --typeT=1 --typeT=2 --typeT=2 --typeT=1 ")

os.system("python ./execute_Probability.py --numU=40 "
          "--p1=0.2 --p1=0.4 --p1=0.4 "
          "--p2=0.4 --p2=0.2 --p2=0.4 "
          "--p3=0.4 --p3=0.4 --p3=0.2 "
          "--q1=0.0063 --q1=0.2180 --q1=0.7757 "
          "--q2=0.0634 --q2=0.3232 --q2=0.6134 "
          "--q3=0.1009 --q3=0.3566 --q3=0.5425 "
          "--typeT=1 --typeT=1 --typeT=2 --typeT=2 --typeT=2 --typeT=3 --typeT=1 --typeT=1 --typeT=1 --typeT=3 ")

os.system("python ./execute_Probability.py --numU=40 "
          "--p1=0.2 --p1=0.4 --p1=0.4 "
          "--p2=0.4 --p2=0.2 --p2=0.4 "
          "--p3=0.4 --p3=0.4 --p3=0.2 "
          "--q1=0.0063 --q1=0.2180 --q1=0.7757 "
          "--q2=0.0634 --q2=0.3232 --q2=0.6134 "
          "--q3=0.1009 --q3=0.3566 --q3=0.5425 "
          "--typeT=2 --typeT=2 --typeT=3 --typeT=3 --typeT=2 --typeT=2 --typeT=2 --typeT=1 --typeT=2 --typeT=2 ")

os.system("python ./execute_Probability.py --numU=40 "
          "--p1=0.2 --p1=0.4 --p1=0.4 "
          "--p2=0.4 --p2=0.2 --p2=0.4 "
          "--p3=0.4 --p3=0.4 --p3=0.2 "
          "--q1=0.0063 --q1=0.2180 --q1=0.7757 "
          "--q2=0.0634 --q2=0.3232 --q2=0.6134 "
          "--q3=0.1009 --q3=0.3566 --q3=0.5425 "
          "--typeT=1 --typeT=1 --typeT=1 --typeT=3 --typeT=2 --typeT=3 --typeT=1 --typeT=2 --typeT=1 --typeT=3 ")

# ################# p = 0.3 #########################################################

# numU= 20 # p=0.3 # q #

os.system("python ./execute_Probability.py --numU=20 "
          "--p1=0.3  --p1=0.35 --p1=0.35 "
          "--p2=0.35 --p2=0.3  --p2=0.35 "
          "--p3=0.35 --p3=0.35 --p3=0.3 "
          "--q1=0.1265 --q1=0.4335 --q1=0.4400 "
          "--q2=0.2506 --q2=0.3369 --q2=0.4125 "
          "--q3=0.0389 --q3=0.5706 --q3=0.3905 "
          "--typeT=1 --typeT=3 --typeT=1 --typeT=1 --typeT=3 --typeT=2 --typeT=1 --typeT=2 --typeT=2 --typeT=1 ")

os.system("python ./execute_Probability.py --numU=20 "
          "--p1=0.3  --p1=0.35 --p1=0.35 "
          "--p2=0.35 --p2=0.3  --p2=0.35 "
          "--p3=0.35 --p3=0.35 --p3=0.3 "
          "--q1=0.1265 --q1=0.4335 --q1=0.4400 "
          "--q2=0.2506 --q2=0.3369 --q2=0.4125 "
          "--q3=0.0389 --q3=0.5706 --q3=0.3905 "
          "--typeT=1 --typeT=1 --typeT=2 --typeT=2 --typeT=2 --typeT=3 --typeT=1 --typeT=1 --typeT=1 --typeT=3 ")

os.system("python ./execute_Probability.py --numU=20 "
          "--p1=0.3  --p1=0.35 --p1=0.35 "
          "--p2=0.35 --p2=0.3  --p2=0.35 "
          "--p3=0.35 --p3=0.35 --p3=0.3 "
          "--q1=0.1265 --q1=0.4335 --q1=0.4400 "
          "--q2=0.2506 --q2=0.3369 --q2=0.4125 "
          "--q3=0.0389 --q3=0.5706 --q3=0.3905 "
          "--typeT=2 --typeT=2 --typeT=3 --typeT=3 --typeT=2 --typeT=2 --typeT=2 --typeT=1 --typeT=2 --typeT=2 ")

os.system("python ./execute_Probability.py --numU=20 "
          "--p1=0.3  --p1=0.35 --p1=0.35 "
          "--p2=0.35 --p2=0.3  --p2=0.35 "
          "--p3=0.35 --p3=0.35 --p3=0.3 "
          "--q1=0.1265 --q1=0.4335 --q1=0.4400 "
          "--q2=0.2506 --q2=0.3369 --q2=0.4125 "
          "--q3=0.0389 --q3=0.5706 --q3=0.3905 "
          "--typeT=1 --typeT=1 --typeT=1 --typeT=3 --typeT=2 --typeT=3 --typeT=1 --typeT=2 --typeT=1 --typeT=3 ")

# numU= 25 # p=0.3 # q #

os.system("python ./execute_Probability.py --numU=25 "
          "--p1=0.3  --p1=0.35 --p1=0.35 "
          "--p2=0.35 --p2=0.3  --p2=0.35 "
          "--p3=0.35 --p3=0.35 --p3=0.3 "
          "--q1=0.0735 --q1=0.4600 --q1=0.4665 "
          "--q2=0.2189 --q2=0.2209 --q2=0.5602 "
          "--q3=0.2230 --q3=0.1868 --q3=0.5902 "
          "--typeT=1 --typeT=3 --typeT=1 --typeT=1 --typeT=3 --typeT=2 --typeT=1 --typeT=2 --typeT=2 --typeT=1 ")

os.system("python ./execute_Probability.py --numU=25 "
          "--p1=0.3  --p1=0.35 --p1=0.35 "
          "--p2=0.35 --p2=0.3  --p2=0.35 "
          "--p3=0.35 --p3=0.35 --p3=0.3 "
          "--q1=0.0735 --q1=0.4600 --q1=0.4665 "
          "--q2=0.2189 --q2=0.2209 --q2=0.5602 "
          "--q3=0.2230 --q3=0.1868 --q3=0.5902 "
          "--typeT=1 --typeT=1 --typeT=2 --typeT=2 --typeT=2 --typeT=3 --typeT=1 --typeT=1 --typeT=1 --typeT=3 ")

os.system("python ./execute_Probability.py --numU=25 "
          "--p1=0.3  --p1=0.35 --p1=0.35 "
          "--p2=0.35 --p2=0.3  --p2=0.35 "
          "--p3=0.35 --p3=0.35 --p3=0.3 "
          "--q1=0.0735 --q1=0.4600 --q1=0.4665 "
          "--q2=0.2189 --q2=0.2209 --q2=0.5602 "
          "--q3=0.2230 --q3=0.1868 --q3=0.5902 "
          "--typeT=2 --typeT=2 --typeT=3 --typeT=3 --typeT=2 --typeT=2 --typeT=2 --typeT=1 --typeT=2 --typeT=2 ")

os.system("python ./execute_Probability.py --numU=25 "
          "--p1=0.3  --p1=0.35 --p1=0.35 "
          "--p2=0.35 --p2=0.3  --p2=0.35 "
          "--p3=0.35 --p3=0.35 --p3=0.3 "
          "--q1=0.0735 --q1=0.4600 --q1=0.4665 "
          "--q2=0.2189 --q2=0.2209 --q2=0.5602 "
          "--q3=0.2230 --q3=0.1868 --q3=0.5902 "
          "--typeT=1 --typeT=1 --typeT=1 --typeT=3 --typeT=2 --typeT=3 --typeT=1 --typeT=2 --typeT=1 --typeT=3 ")

# numU= 30 # p=0.3 # q #

os.system("python ./execute_Probability.py --numU=30 "
          "--p1=0.3  --p1=0.35 --p1=0.35 "
          "--p2=0.35 --p2=0.3  --p2=0.35 "
          "--p3=0.35 --p3=0.35 --p3=0.3 "
          "--q1=0.3588 --q1=0.2296 --q1=0.4116 "
          "--q2=0.0492 --q2=0.5569 --q2=0.3939 "
          "--q3=0.5413 --q3=0.0562 --q3=0.4025 "
          "--typeT=1 --typeT=3 --typeT=1 --typeT=1 --typeT=3 --typeT=2 --typeT=1 --typeT=2 --typeT=2 --typeT=1 ")

os.system("python ./execute_Probability.py --numU=30 "
          "--p1=0.3  --p1=0.35 --p1=0.35 "
          "--p2=0.35 --p2=0.3  --p2=0.35 "
          "--p3=0.35 --p3=0.35 --p3=0.3 "
          "--q1=0.3588 --q1=0.2296 --q1=0.4116 "
          "--q2=0.0492 --q2=0.5569 --q2=0.3939 "
          "--q3=0.5413 --q3=0.0562 --q3=0.4025 "
          "--typeT=1 --typeT=1 --typeT=2 --typeT=2 --typeT=2 --typeT=3 --typeT=1 --typeT=1 --typeT=1 --typeT=3 ")

os.system("python ./execute_Probability.py --numU=30 "
          "--p1=0.3  --p1=0.35 --p1=0.35 "
          "--p2=0.35 --p2=0.3  --p2=0.35 "
          "--p3=0.35 --p3=0.35 --p3=0.3 "
          "--q1=0.3588 --q1=0.2296 --q1=0.4116 "
          "--q2=0.0492 --q2=0.5569 --q2=0.3939 "
          "--q3=0.5413 --q3=0.0562 --q3=0.4025 "
          "--typeT=2 --typeT=2 --typeT=3 --typeT=3 --typeT=2 --typeT=2 --typeT=2 --typeT=1 --typeT=2 --typeT=2 ")

os.system("python ./execute_Probability.py --numU=30 "
          "--p1=0.3  --p1=0.35 --p1=0.35 "
          "--p2=0.35 --p2=0.3  --p2=0.35 "
          "--p3=0.35 --p3=0.35 --p3=0.3 "
          "--q1=0.3588 --q1=0.2296 --q1=0.4116 "
          "--q2=0.0492 --q2=0.5569 --q2=0.3939 "
          "--q3=0.5413 --q3=0.0562 --q3=0.4025 "
          "--typeT=1 --typeT=1 --typeT=1 --typeT=3 --typeT=2 --typeT=3 --typeT=1 --typeT=2 --typeT=1 --typeT=3 ")

# numU= 35 # p=0.3 # q #

os.system("python ./execute_Probability.py --numU=35 "
          "--p1=0.3  --p1=0.35 --p1=0.35 "
          "--p2=0.35 --p2=0.3  --p2=0.35 "
          "--p3=0.35 --p3=0.35 --p3=0.3 "
          "--q1=0.1096 --q1=0.3899 --q1=0.5005 "
          "--q2=0.7236 --q2=0.0145 --q2=0.2619 "
          "--q3=0.2478 --q3=0.2658 --q3=0.4864 "
          "--typeT=1 --typeT=3 --typeT=1 --typeT=1 --typeT=3 --typeT=2 --typeT=1 --typeT=2 --typeT=2 --typeT=1 ")

os.system("python ./execute_Probability.py --numU=35 "
          "--p1=0.3  --p1=0.35 --p1=0.35 "
          "--p2=0.35 --p2=0.3  --p2=0.35 "
          "--p3=0.35 --p3=0.35 --p3=0.3 "
          "--q1=0.1096 --q1=0.3899 --q1=0.5005 "
          "--q2=0.7236 --q2=0.0145 --q2=0.2619 "
          "--q3=0.2478 --q3=0.2658 --q3=0.4864 "
          "--typeT=1 --typeT=1 --typeT=2 --typeT=2 --typeT=2 --typeT=3 --typeT=1 --typeT=1 --typeT=1 --typeT=3 ")

os.system("python ./execute_Probability.py --numU=35 "
          "--p1=0.3  --p1=0.35 --p1=0.35 "
          "--p2=0.35 --p2=0.3  --p2=0.35 "
          "--p3=0.35 --p3=0.35 --p3=0.3 "
          "--q1=0.1096 --q1=0.3899 --q1=0.5005 "
          "--q2=0.7236 --q2=0.0145 --q2=0.2619 "
          "--q3=0.2478 --q3=0.2658 --q3=0.4864 "
          "--typeT=2 --typeT=2 --typeT=3 --typeT=3 --typeT=2 --typeT=2 --typeT=2 --typeT=1 --typeT=2 --typeT=2 ")

os.system("python ./execute_Probability.py --numU=35 "
          "--p1=0.3  --p1=0.35 --p1=0.35 "
          "--p2=0.35 --p2=0.3  --p2=0.35 "
          "--p3=0.35 --p3=0.35 --p3=0.3 "
          "--q1=0.1096 --q1=0.3899 --q1=0.5005 "
          "--q2=0.7236 --q2=0.0145 --q2=0.2619 "
          "--q3=0.2478 --q3=0.2658 --q3=0.4864 "
          "--typeT=1 --typeT=1 --typeT=1 --typeT=3 --typeT=2 --typeT=3 --typeT=1 --typeT=2 --typeT=1 --typeT=3 ")

# numU= 40 # p=0.3 # q #

os.system("python ./execute_Probability.py --numU=40 "
          "--p1=0.3  --p1=0.35 --p1=0.35 "
          "--p2=0.35 --p2=0.3  --p2=0.35 "
          "--p3=0.35 --p3=0.35 --p3=0.3 "
          "--q1=0.0659 --q1=0.3050 --q1=0.6291 "
          "--q2=0.3120 --q2=0.0845 --q2=0.6035 "
          "--q3=0.4124 --q3=0.1026 --q3=0.4850 "
          "--typeT=1 --typeT=3 --typeT=1 --typeT=1 --typeT=3 --typeT=2 --typeT=1 --typeT=2 --typeT=2 --typeT=1 ")

os.system("python ./execute_Probability.py --numU=40 "
          "--p1=0.3  --p1=0.35 --p1=0.35 "
          "--p2=0.35 --p2=0.3  --p2=0.35 "
          "--p3=0.35 --p3=0.35 --p3=0.3 "
          "--q1=0.0659 --q1=0.3050 --q1=0.6291 "
          "--q2=0.3120 --q2=0.0845 --q2=0.6035 "
          "--q3=0.4124 --q3=0.1026 --q3=0.4850 "
          "--typeT=1 --typeT=1 --typeT=2 --typeT=2 --typeT=2 --typeT=3 --typeT=1 --typeT=1 --typeT=1 --typeT=3 ")

os.system("python ./execute_Probability.py --numU=40 "
          "--p1=0.3  --p1=0.35 --p1=0.35 "
          "--p2=0.35 --p2=0.3  --p2=0.35 "
          "--p3=0.35 --p3=0.35 --p3=0.3 "
          "--q1=0.0659 --q1=0.3050 --q1=0.6291 "
          "--q2=0.3120 --q2=0.0845 --q2=0.6035 "
          "--q3=0.4124 --q3=0.1026 --q3=0.4850 "
          "--typeT=2 --typeT=2 --typeT=3 --typeT=3 --typeT=2 --typeT=2 --typeT=2 --typeT=1 --typeT=2 --typeT=2 ")

os.system("python ./execute_Probability.py --numU=40 "
          "--p1=0.3  --p1=0.35 --p1=0.35 "
          "--p2=0.35 --p2=0.3  --p2=0.35 "
          "--p3=0.35 --p3=0.35 --p3=0.3 "
          "--q1=0.0659 --q1=0.3050 --q1=0.6291 "
          "--q2=0.3120 --q2=0.0845 --q2=0.6035 "
          "--q3=0.4124 --q3=0.1026 --q3=0.4850 "
          "--typeT=1 --typeT=1 --typeT=1 --typeT=3 --typeT=2 --typeT=3 --typeT=1 --typeT=2 --typeT=1 --typeT=3 ")

# ################# p = 0.4 #########################################################

# numU= 20 # p=0.4 # q #

os.system("python ./execute_Probability.py --numU=20 "
          "--p1=0.4 --p1=0.3 --p1=0.3 "
          "--p2=0.3 --p2=0.4 --p2=0.3 "
          "--p3=0.3 --p3=0.3 --p3=0.4 "
          "--q1=0.7200 --q1=0.0706 --q1=0.2094 "
          "--q2=0.2256 --q2=0.3170 --q2=0.4574 "
          "--q3=0.1134 --q3=0.3038 --q3=0.5828 "
          "--typeT=1 --typeT=3 --typeT=1 --typeT=1 --typeT=3 --typeT=2 --typeT=1 --typeT=2 --typeT=2 --typeT=1 ")

os.system("python ./execute_Probability.py --numU=20 "
          "--p1=0.4 --p1=0.3 --p1=0.3 "
          "--p2=0.3 --p2=0.4 --p2=0.3 "
          "--p3=0.3 --p3=0.3 --p3=0.4 "
          "--q1=0.7200 --q1=0.0706 --q1=0.2094 "
          "--q2=0.2256 --q2=0.3170 --q2=0.4574 "
          "--q3=0.1134 --q3=0.3038 --q3=0.5828 "
          "--typeT=1 --typeT=1 --typeT=2 --typeT=2 --typeT=2 --typeT=3 --typeT=1 --typeT=1 --typeT=1 --typeT=3 ")

os.system("python ./execute_Probability.py --numU=20 "
          "--p1=0.4 --p1=0.3 --p1=0.3 "
          "--p2=0.3 --p2=0.4 --p2=0.3 "
          "--p3=0.3 --p3=0.3 --p3=0.4 "
          "--q1=0.7200 --q1=0.0706 --q1=0.2094 "
          "--q2=0.2256 --q2=0.3170 --q2=0.4574 "
          "--q3=0.1134 --q3=0.3038 --q3=0.5828 "
          "--typeT=2 --typeT=2 --typeT=3 --typeT=3 --typeT=2 --typeT=2 --typeT=2 --typeT=1 --typeT=2 --typeT=2 ")

os.system("python ./execute_Probability.py --numU=20 "
          "--p1=0.4 --p1=0.3 --p1=0.3 "
          "--p2=0.3 --p2=0.4 --p2=0.3 "
          "--p3=0.3 --p3=0.3 --p3=0.4 "
          "--q1=0.7200 --q1=0.0706 --q1=0.2094 "
          "--q2=0.2256 --q2=0.3170 --q2=0.4574 "
          "--q3=0.1134 --q3=0.3038 --q3=0.5828 "
          "--typeT=1 --typeT=1 --typeT=1 --typeT=3 --typeT=2 --typeT=3 --typeT=1 --typeT=2 --typeT=1 --typeT=3 ")

# numU= 25 # p=0.4 # q #

os.system("python ./execute_Probability.py --numU=25 "
          "--p1=0.4 --p1=0.3 --p1=0.3 "
          "--p2=0.3 --p2=0.4 --p2=0.3 "
          "--p3=0.3 --p3=0.3 --p3=0.4 "
          "--q1=0.2535 --q1=0.3483 --q1=0.3982 "
          "--q2=0.2143 --q2=0.4899 --q2=0.2958 "
          "--q3=0.2162 --q3=0.0538 --q3=0.7300 "
          "--typeT=1 --typeT=3 --typeT=1 --typeT=1 --typeT=3 --typeT=2 --typeT=1 --typeT=2 --typeT=2 --typeT=1 ")

os.system("python ./execute_Probability.py --numU=25 "
          "--p1=0.4 --p1=0.3 --p1=0.3 "
          "--p2=0.3 --p2=0.4 --p2=0.3 "
          "--p3=0.3 --p3=0.3 --p3=0.4 "
          "--q1=0.2535 --q1=0.3483 --q1=0.3982 "
          "--q2=0.2143 --q2=0.4899 --q2=0.2958 "
          "--q3=0.2162 --q3=0.0538 --q3=0.7300 "
          "--typeT=1 --typeT=1 --typeT=2 --typeT=2 --typeT=2 --typeT=3 --typeT=1 --typeT=1 --typeT=1 --typeT=3 ")

os.system("python ./execute_Probability.py --numU=25 "
          "--p1=0.4 --p1=0.3 --p1=0.3 "
          "--p2=0.3 --p2=0.4 --p2=0.3 "
          "--p3=0.3 --p3=0.3 --p3=0.4 "
          "--q1=0.2535 --q1=0.3483 --q1=0.3982 "
          "--q2=0.2143 --q2=0.4899 --q2=0.2958 "
          "--q3=0.2162 --q3=0.0538 --q3=0.7300 "
          "--typeT=2 --typeT=2 --typeT=3 --typeT=3 --typeT=2 --typeT=2 --typeT=2 --typeT=1 --typeT=2 --typeT=2 ")

os.system("python ./execute_Probability.py --numU=25 "
          "--p1=0.4 --p1=0.3 --p1=0.3 "
          "--p2=0.3 --p2=0.4 --p2=0.3 "
          "--p3=0.3 --p3=0.3 --p3=0.4 "
          "--q1=0.2535 --q1=0.3483 --q1=0.3982 "
          "--q2=0.2143 --q2=0.4899 --q2=0.2958 "
          "--q3=0.2162 --q3=0.0538 --q3=0.7300 "
          "--typeT=1 --typeT=1 --typeT=1 --typeT=3 --typeT=2 --typeT=3 --typeT=1 --typeT=2 --typeT=1 --typeT=3 ")

# numU= 30 # p=0.4 # q #

os.system("python ./execute_Probability.py --numU=30 "
          "--p1=0.4 --p1=0.3 --p1=0.3 "
          "--p2=0.3 --p2=0.4 --p2=0.3 "
          "--p3=0.3 --p3=0.3 --p3=0.4 "
          "--q1=0.0294 --q1=0.5110 --q1=0.4596 "
          "--q2=0.2429 --q2=0.3299 --q2=0.4272 "
          "--q3=0.2635 --q3=0.1890 --q3=0.5475 "
          "--typeT=1 --typeT=3 --typeT=1 --typeT=1 --typeT=3 --typeT=2 --typeT=1 --typeT=2 --typeT=2 --typeT=1 ")

os.system("python ./execute_Probability.py --numU=30 "
          "--p1=0.4 --p1=0.3 --p1=0.3 "
          "--p2=0.3 --p2=0.4 --p2=0.3 "
          "--p3=0.3 --p3=0.3 --p3=0.4 "
          "--q1=0.0294 --q1=0.5110 --q1=0.4596 "
          "--q2=0.2429 --q2=0.3299 --q2=0.4272 "
          "--q3=0.2635 --q3=0.1890 --q3=0.5475 "
          "--typeT=1 --typeT=1 --typeT=2 --typeT=2 --typeT=2 --typeT=3 --typeT=1 --typeT=1 --typeT=1 --typeT=3 ")

os.system("python ./execute_Probability.py --numU=30 "
          "--p1=0.4 --p1=0.3 --p1=0.3 "
          "--p2=0.3 --p2=0.4 --p2=0.3 "
          "--p3=0.3 --p3=0.3 --p3=0.4 "
          "--q1=0.0294 --q1=0.5110 --q1=0.4596 "
          "--q2=0.2429 --q2=0.3299 --q2=0.4272 "
          "--q3=0.2635 --q3=0.1890 --q3=0.5475 "
          "--typeT=2 --typeT=2 --typeT=3 --typeT=3 --typeT=2 --typeT=2 --typeT=2 --typeT=1 --typeT=2 --typeT=2 ")

os.system("python ./execute_Probability.py --numU=30 "
          "--p1=0.4 --p1=0.3 --p1=0.3 "
          "--p2=0.3 --p2=0.4 --p2=0.3 "
          "--p3=0.3 --p3=0.3 --p3=0.4 "
          "--q1=0.0294 --q1=0.5110 --q1=0.4596 "
          "--q2=0.2429 --q2=0.3299 --q2=0.4272 "
          "--q3=0.2635 --q3=0.1890 --q3=0.5475 "
          "--typeT=1 --typeT=1 --typeT=1 --typeT=3 --typeT=2 --typeT=3 --typeT=1 --typeT=2 --typeT=1 --typeT=3 ")

# numU= 35 # p=0.4 # q #

os.system("python ./execute_Probability.py --numU=35 "
          "--p1=0.4 --p1=0.3 --p1=0.3 "
          "--p2=0.3 --p2=0.4 --p2=0.3 "
          "--p3=0.3 --p3=0.3 --p3=0.4 "
          "--q1=0.2490 --q1=0.3592 --q1=0.3918 "
          "--q2=0.3867 --q2=0.2748 --q2=0.3385 "
          "--q3=0.1247 --q3=0.2136 --q3=0.6617 "
          "--typeT=1 --typeT=3 --typeT=1 --typeT=1 --typeT=3 --typeT=2 --typeT=1 --typeT=2 --typeT=2 --typeT=1 ")

os.system("python ./execute_Probability.py --numU=35 "
          "--p1=0.4 --p1=0.3 --p1=0.3 "
          "--p2=0.3 --p2=0.4 --p2=0.3 "
          "--p3=0.3 --p3=0.3 --p3=0.4 "
          "--q1=0.2490 --q1=0.3592 --q1=0.3918 "
          "--q2=0.3867 --q2=0.2748 --q2=0.3385 "
          "--q3=0.1247 --q3=0.2136 --q3=0.6617 "
          "--typeT=1 --typeT=1 --typeT=2 --typeT=2 --typeT=2 --typeT=3 --typeT=1 --typeT=1 --typeT=1 --typeT=3 ")

os.system("python ./execute_Probability.py --numU=35 "
          "--p1=0.4 --p1=0.3 --p1=0.3 "
          "--p2=0.3 --p2=0.4 --p2=0.3 "
          "--p3=0.3 --p3=0.3 --p3=0.4 "
          "--q1=0.2490 --q1=0.3592 --q1=0.3918 "
          "--q2=0.3867 --q2=0.2748 --q2=0.3385 "
          "--q3=0.1247 --q3=0.2136 --q3=0.6617 "
          "--typeT=2 --typeT=2 --typeT=3 --typeT=3 --typeT=2 --typeT=2 --typeT=2 --typeT=1 --typeT=2 --typeT=2 ")

os.system("python ./execute_Probability.py --numU=35 "
          "--p1=0.4 --p1=0.3 --p1=0.3 "
          "--p2=0.3 --p2=0.4 --p2=0.3 "
          "--p3=0.3 --p3=0.3 --p3=0.4 "
          "--q1=0.2490 --q1=0.3592 --q1=0.3918 "
          "--q2=0.3867 --q2=0.2748 --q2=0.3385 "
          "--q3=0.1247 --q3=0.2136 --q3=0.6617 "
          "--typeT=1 --typeT=1 --typeT=1 --typeT=3 --typeT=2 --typeT=3 --typeT=1 --typeT=2 --typeT=1 --typeT=3 ")

# numU= 40 # p=0.4 # q #

os.system("python ./execute_Probability.py --numU=40 "
          "--p1=0.4 --p1=0.3 --p1=0.3 "
          "--p2=0.3 --p2=0.4 --p2=0.3 "
          "--p3=0.3 --p3=0.3 --p3=0.4 "
          "--q1=0.3505 --q1=0.1852 --q1=0.4643 "
          "--q2=0.2708 --q2=0.4022 --q2=0.3270 "
          "--q3=0.1411 --q3=0.2399 --q3=0.6190 "
          "--typeT=1 --typeT=3 --typeT=1 --typeT=1 --typeT=3 --typeT=2 --typeT=1 --typeT=2 --typeT=2 --typeT=1 ")

os.system("python ./execute_Probability.py --numU=40 "
          "--p1=0.4 --p1=0.3 --p1=0.3 "
          "--p2=0.3 --p2=0.4 --p2=0.3 "
          "--p3=0.3 --p3=0.3 --p3=0.4 "
          "--q1=0.3505 --q1=0.1852 --q1=0.4643 "
          "--q2=0.2708 --q2=0.4022 --q2=0.3270 "
          "--q3=0.1411 --q3=0.2399 --q3=0.6190 "
          "--typeT=1 --typeT=1 --typeT=2 --typeT=2 --typeT=2 --typeT=3 --typeT=1 --typeT=1 --typeT=1 --typeT=3 ")

os.system("python ./execute_Probability.py --numU=40 "
          "--p1=0.4 --p1=0.3 --p1=0.3 "
          "--p2=0.3 --p2=0.4 --p2=0.3 "
          "--p3=0.3 --p3=0.3 --p3=0.4 "
          "--q1=0.3505 --q1=0.1852 --q1=0.4643 "
          "--q2=0.2708 --q2=0.4022 --q2=0.3270 "
          "--q3=0.1411 --q3=0.2399 --q3=0.6190 "
          "--typeT=2 --typeT=2 --typeT=3 --typeT=3 --typeT=2 --typeT=2 --typeT=2 --typeT=1 --typeT=2 --typeT=2 ")

os.system("python ./execute_Probability.py --numU=40 "
          "--p1=0.4 --p1=0.3 --p1=0.3 "
          "--p2=0.3 --p2=0.4 --p2=0.3 "
          "--p3=0.3 --p3=0.3 --p3=0.4 "
          "--q1=0.3505 --q1=0.1852 --q1=0.4643 "
          "--q2=0.2708 --q2=0.4022 --q2=0.3270 "
          "--q3=0.1411 --q3=0.2399 --q3=0.6190 "
          "--typeT=1 --typeT=1 --typeT=1 --typeT=3 --typeT=2 --typeT=3 --typeT=1 --typeT=2 --typeT=1 --typeT=3 ")