
sss.PCore_1_NumU_10.Opt_Q = [...
    0.1389    0.5883    0.2728
    0.0002    0.8853    0.1145
    0.0195    0.9777    0.0028] 

sss.PCore_1_NumU_15.Opt_Q = [...
    0.1507    0.7751    0.0742
    0.1117    0.7254    0.1629
    0.0506    0.9374    0.0120] 

sss.PCore_1_NumU_20.Opt_Q = [...
    0.0689    0.5196    0.4115
    0.0360    0.1404    0.8236
    0.0036    0.7667    0.2297] 

sss.PCore_1_NumU_25.Opt_Q = [...
    0.2319    0.4706    0.2975
    0.1841    0.0014    0.8145
    0.0364    0.7697    0.1939] 

sss.PCore_1_NumU_30.Opt_Q = [...
    0.0560    0.0125    0.9315
    0.3192    0.1795    0.5013
    0.0749    0.8885    0.0366] 

sss.PCore_1_NumU_35.Opt_Q = [...
    0.0705    0.2392    0.6903
    0.1854    0.0165    0.7981
    0.0415    0.7982    0.1603] 

sss.PCore_1_NumU_40.Opt_Q = [...
    0.0158    0.4439    0.5403
    0.0355    0.1877    0.7768
    0.1048    0.6076    0.2876] 

sss.PCore_1_NumU_45.Opt_Q = [...
    0.0645    0.0096    0.9259
    0.0749    0.0469    0.8782
    0.0833    0.8239    0.0928] 
___________________________________________________

sss.PCore_2_NumU_10.Opt_Q = [...
    0.1458    0.6653    0.1889
    0.0315    0.9064    0.0621
    0.0171    0.8606    0.1223] 

sss.PCore_2_NumU_15.Opt_Q = [...
    0.1675    0.7937    0.0388
    0.1606    0.7188    0.1206
    0.0018    0.9015    0.0967] 

sss.PCore_2_NumU_20.Opt_Q = [...
    0.1611    0.5457    0.2932
    0.1285    0.4256    0.4459
    0.0942    0.9045    0.0013] 

sss.PCore_2_NumU_25.Opt_Q = [...
    0.2259    0.3430    0.4311
    0.1939    0.1026    0.7035
    0.1329    0.6738    0.1933] 

sss.PCore_2_NumU_30.Opt_Q = [...
    0.0129    0.0141    0.9730
    0.1340    0.2475    0.6185
    0.1081    0.8137    0.0782] 

sss.PCore_2_NumU_35.Opt_Q = [...
    0.1520    0.2741    0.5739
    0.0237    0.0606    0.9157
    0.0211    0.6347    0.3442] 

sss.PCore_2_NumU_40.Opt_Q = [...
    0.0290    0.3269    0.6441
    0.0544    0.0495    0.8961
    0.0083    0.5993    0.3924] 

sss.PCore_2_NumU_45.Opt_Q = [...
    0.1282    0.2297    0.6421
    0.0938    0.0648    0.8414
    0.0961    0.7038    0.2001] 
_____________________________________________

sss.PCore_3_NumU_10.Opt_Q = [...
    0.1280    0.6130    0.2590
    0.0444    0.8381    0.1175
    0.0202    0.9380    0.0418] 

sss.PCore_3_NumU_15.Opt_Q = [...
    0.2558    0.6962    0.0480
    0.0477    0.6671    0.2852
    0.0628    0.7551    0.1821] 

sss.PCore_3_NumU_20.Opt_Q = [...
    0.0793    0.3415    0.5792
    0.0926    0.6926    0.2148
    0.1441    0.8496    0.0063] 

sss.PCore_3_NumU_25.Opt_Q = [...
    0.1546    0.4170    0.4284
    0.1044    0.3224    0.5732
    0.1057    0.3783    0.5160] 

sss.PCore_3_NumU_30.Opt_Q = [...
    0.1539    0.3280    0.5181
    0.0442    0.0364    0.9194
    0.1298    0.3984    0.4718] 

sss.PCore_3_NumU_35.Opt_Q = [...
    0.1315    0.1742    0.6943
    0.0433    0.0379    0.9188
    0.0114    0.0384    0.9502] 

sss.PCore_3_NumU_40.Opt_Q = [...
    0.0386    0.0700    0.8914
    0.2329    0.4252    0.3419
    0.1668    0.4424    0.3908] 

sss.PCore_3_NumU_45.Opt_Q = [...
    0.0080    0.1197    0.8723
    0.2490    0.3069    0.4441
    0.0563    0.3600    0.5837] 
_______________________________________________

sss.PCore_4_NumU_10.Opt_Q = [...
    0.3665    0.5250    0.1085
    0.0395    0.9115    0.0490
    0.0475    0.6754    0.2771] 

sss.PCore_4_NumU_15.Opt_Q = [...
    0.0932    0.6480    0.2588
    0.0858    0.8412    0.0730
    0.1125    0.7724    0.1151] 

sss.PCore_4_NumU_20.Opt_Q = [...
    0.0518    0.5602    0.3880
    0.1451    0.7379    0.1170
    0.1197    0.4896    0.3907] 

sss.PCore_4_NumU_25.Opt_Q = [...
    0.1580    0.3261    0.5159
    0.2049    0.3310    0.4641
    0.0298    0.0721    0.8981] 

sss.PCore_4_NumU_30.Opt_Q = [...
    0.0395    0.1172    0.8433
    0.1555    0.3843    0.4602
    0.1703    0.1527    0.6770] 

sss.PCore_4_NumU_35.Opt_Q = [...
    0.0507    0.0125    0.9368
    0.1180    0.4139    0.4681
    0.1188    0.2103    0.6709] 

sss.PCore_4_NumU_40.Opt_Q = [...
    0.2003    0.4434    0.3563
    0.2281    0.3802    0.3917
    0.1239    0.0140    0.8621] 

sss.PCore_4_NumU_45.Opt_Q = [...
    0.0525    0.2262    0.7213
    0.2357    0.6659    0.0984
    0.0230    0.0658    0.9112] 

